ZCORN
  2.0000000e+03 
  2.0000000e+03 
  2.0000000e+03 
  2.0000000e+03 
  2.0000000e+03 
  2.0000000e+03 
  2.0000000e+03 
  2.0000000e+03 
  2.0000000e+03 
  2.0000000e+03 
  2.0000000e+03 
  2.0000000e+03 
  2.0000000e+03 
  2.0000000e+03 
  2.0000000e+03 
  2.0000000e+03 
  2.0000000e+03 
  2.0000000e+03 
  2.0000000e+03 
  2.0000000e+03 
  2.0000000e+03 
  2.0000000e+03 
  2.0000000e+03 
  2.0000000e+03 
  2.0000000e+03 
  2.0000000e+03 
  2.0000000e+03 
  2.0000000e+03 
  2.0000000e+03 
  2.0000000e+03 
  2.0000000e+03 
  2.0000000e+03 
  2.0000000e+03 
  2.0000000e+03 
  2.0000000e+03 
  2.0000000e+03 
  2.0066667e+03 
  2.0066667e+03 
  2.0066667e+03 
  2.0066667e+03 
  2.0066667e+03 
  2.0066667e+03 
  2.0066667e+03 
  2.0066667e+03 
  2.0066667e+03 
  2.0066667e+03 
  2.0066667e+03 
  2.0066667e+03 
  2.0066667e+03 
  2.0066667e+03 
  2.0066667e+03 
  2.0066667e+03 
  2.0066667e+03 
  2.0066667e+03 
  2.0066667e+03 
  2.0066667e+03 
  2.0066667e+03 
  2.0066667e+03 
  2.0066667e+03 
  2.0066667e+03 
  2.0066667e+03 
  2.0066667e+03 
  2.0066667e+03 
  2.0066667e+03 
  2.0066667e+03 
  2.0066667e+03 
  2.0066667e+03 
  2.0066667e+03 
  2.0066667e+03 
  2.0066667e+03 
  2.0066667e+03 
  2.0066667e+03 
  2.0066667e+03 
  2.0066667e+03 
  2.0066667e+03 
  2.0066667e+03 
  2.0066667e+03 
  2.0066667e+03 
  2.0066667e+03 
  2.0066667e+03 
  2.0066667e+03 
  2.0066667e+03 
  2.0066667e+03 
  2.0066667e+03 
  2.0066667e+03 
  2.0066667e+03 
  2.0066667e+03 
  2.0066667e+03 
  2.0066667e+03 
  2.0066667e+03 
  2.0066667e+03 
  2.0066667e+03 
  2.0066667e+03 
  2.0066667e+03 
  2.0066667e+03 
  2.0066667e+03 
  2.0066667e+03 
  2.0066667e+03 
  2.0066667e+03 
  2.0066667e+03 
  2.0066667e+03 
  2.0066667e+03 
  2.0066667e+03 
  2.0066667e+03 
  2.0066667e+03 
  2.0066667e+03 
  2.0066667e+03 
  2.0066667e+03 
  2.0133333e+03 
  2.0133333e+03 
  2.0133333e+03 
  2.0133333e+03 
  2.0133333e+03 
  2.0133333e+03 
  2.0133333e+03 
  2.0133333e+03 
  2.0133333e+03 
  2.0133333e+03 
  2.0133333e+03 
  2.0133333e+03 
  2.0133333e+03 
  2.0133333e+03 
  2.0133333e+03 
  2.0133333e+03 
  2.0133333e+03 
  2.0133333e+03 
  2.0133333e+03 
  2.0133333e+03 
  2.0133333e+03 
  2.0133333e+03 
  2.0133333e+03 
  2.0133333e+03 
  2.0133333e+03 
  2.0133333e+03 
  2.0133333e+03 
  2.0133333e+03 
  2.0133333e+03 
  2.0133333e+03 
  2.0133333e+03 
  2.0133333e+03 
  2.0133333e+03 
  2.0133333e+03 
  2.0133333e+03 
  2.0133333e+03 
  2.0133333e+03 
  2.0133333e+03 
  2.0133333e+03 
  2.0133333e+03 
  2.0133333e+03 
  2.0133333e+03 
  2.0133333e+03 
  2.0133333e+03 
  2.0133333e+03 
  2.0133333e+03 
  2.0133333e+03 
  2.0133333e+03 
  2.0133333e+03 
  2.0133333e+03 
  2.0133333e+03 
  2.0133333e+03 
  2.0133333e+03 
  2.0133333e+03 
  2.0133333e+03 
  2.0133333e+03 
  2.0133333e+03 
  2.0133333e+03 
  2.0133333e+03 
  2.0133333e+03 
  2.0133333e+03 
  2.0133333e+03 
  2.0133333e+03 
  2.0133333e+03 
  2.0133333e+03 
  2.0133333e+03 
  2.0133333e+03 
  2.0133333e+03 
  2.0133333e+03 
  2.0133333e+03 
  2.0133333e+03 
  2.0133333e+03 
  2.0200000e+03 
  2.0200000e+03 
  2.0200000e+03 
  2.0200000e+03 
  2.0200000e+03 
  2.0200000e+03 
  2.0200000e+03 
  2.0200000e+03 
  2.0200000e+03 
  2.0200000e+03 
  2.0200000e+03 
  2.0200000e+03 
  2.0200000e+03 
  2.0200000e+03 
  2.0200000e+03 
  2.0200000e+03 
  2.0200000e+03 
  2.0200000e+03 
  2.0200000e+03 
  2.0200000e+03 
  2.0200000e+03 
  2.0200000e+03 
  2.0200000e+03 
  2.0200000e+03 
  2.0200000e+03 
  2.0200000e+03 
  2.0200000e+03 
  2.0200000e+03 
  2.0200000e+03 
  2.0200000e+03 
  2.0200000e+03 
  2.0200000e+03 
  2.0200000e+03 
  2.0200000e+03 
  2.0200000e+03 
  2.0200000e+03 
/

