COORD
  0.0000000e+00 
  0.0000000e+00 
  2.0000000e+03 
  0.0000000e+00 
  0.0000000e+00 
  2.0200000e+03 
  1.8600000e+02 
  0.0000000e+00 
  2.0000000e+03 
  1.8600000e+02 
  0.0000000e+00 
  2.0200000e+03 
  3.7200000e+02 
  0.0000000e+00 
  2.0000000e+03 
  3.7200000e+02 
  0.0000000e+00 
  2.0200000e+03 
  5.5800000e+02 
  0.0000000e+00 
  2.0000000e+03 
  5.5800000e+02 
  0.0000000e+00 
  2.0200000e+03 
  7.4400000e+02 
  0.0000000e+00 
  2.0000000e+03 
  7.4400000e+02 
  0.0000000e+00 
  2.0200000e+03 
  9.3000000e+02 
  0.0000000e+00 
  2.0000000e+03 
  9.3000000e+02 
  0.0000000e+00 
  2.0200000e+03 
  0.0000000e+00 
  1.8600000e+02 
  2.0000000e+03 
  0.0000000e+00 
  1.8600000e+02 
  2.0200000e+03 
  1.8600000e+02 
  1.8600000e+02 
  2.0000000e+03 
  1.8600000e+02 
  1.8600000e+02 
  2.0200000e+03 
  3.7200000e+02 
  1.8600000e+02 
  2.0000000e+03 
  3.7200000e+02 
  1.8600000e+02 
  2.0200000e+03 
  5.5800000e+02 
  1.8600000e+02 
  2.0000000e+03 
  5.5800000e+02 
  1.8600000e+02 
  2.0200000e+03 
  7.4400000e+02 
  1.8600000e+02 
  2.0000000e+03 
  7.4400000e+02 
  1.8600000e+02 
  2.0200000e+03 
  9.3000000e+02 
  1.8600000e+02 
  2.0000000e+03 
  9.3000000e+02 
  1.8600000e+02 
  2.0200000e+03 
  0.0000000e+00 
  3.7200000e+02 
  2.0000000e+03 
  0.0000000e+00 
  3.7200000e+02 
  2.0200000e+03 
  1.8600000e+02 
  3.7200000e+02 
  2.0000000e+03 
  1.8600000e+02 
  3.7200000e+02 
  2.0200000e+03 
  3.7200000e+02 
  3.7200000e+02 
  2.0000000e+03 
  3.7200000e+02 
  3.7200000e+02 
  2.0200000e+03 
  5.5800000e+02 
  3.7200000e+02 
  2.0000000e+03 
  5.5800000e+02 
  3.7200000e+02 
  2.0200000e+03 
  7.4400000e+02 
  3.7200000e+02 
  2.0000000e+03 
  7.4400000e+02 
  3.7200000e+02 
  2.0200000e+03 
  9.3000000e+02 
  3.7200000e+02 
  2.0000000e+03 
  9.3000000e+02 
  3.7200000e+02 
  2.0200000e+03 
  0.0000000e+00 
  5.5800000e+02 
  2.0000000e+03 
  0.0000000e+00 
  5.5800000e+02 
  2.0200000e+03 
  1.8600000e+02 
  5.5800000e+02 
  2.0000000e+03 
  1.8600000e+02 
  5.5800000e+02 
  2.0200000e+03 
  3.7200000e+02 
  5.5800000e+02 
  2.0000000e+03 
  3.7200000e+02 
  5.5800000e+02 
  2.0200000e+03 
  5.5800000e+02 
  5.5800000e+02 
  2.0000000e+03 
  5.5800000e+02 
  5.5800000e+02 
  2.0200000e+03 
  7.4400000e+02 
  5.5800000e+02 
  2.0000000e+03 
  7.4400000e+02 
  5.5800000e+02 
  2.0200000e+03 
  9.3000000e+02 
  5.5800000e+02 
  2.0000000e+03 
  9.3000000e+02 
  5.5800000e+02 
  2.0200000e+03 
  0.0000000e+00 
  7.4400000e+02 
  2.0000000e+03 
  0.0000000e+00 
  7.4400000e+02 
  2.0200000e+03 
  1.8600000e+02 
  7.4400000e+02 
  2.0000000e+03 
  1.8600000e+02 
  7.4400000e+02 
  2.0200000e+03 
  3.7200000e+02 
  7.4400000e+02 
  2.0000000e+03 
  3.7200000e+02 
  7.4400000e+02 
  2.0200000e+03 
  5.5800000e+02 
  7.4400000e+02 
  2.0000000e+03 
  5.5800000e+02 
  7.4400000e+02 
  2.0200000e+03 
  7.4400000e+02 
  7.4400000e+02 
  2.0000000e+03 
  7.4400000e+02 
  7.4400000e+02 
  2.0200000e+03 
  9.3000000e+02 
  7.4400000e+02 
  2.0000000e+03 
  9.3000000e+02 
  7.4400000e+02 
  2.0200000e+03 
  0.0000000e+00 
  9.3000000e+02 
  2.0000000e+03 
  0.0000000e+00 
  9.3000000e+02 
  2.0200000e+03 
  1.8600000e+02 
  9.3000000e+02 
  2.0000000e+03 
  1.8600000e+02 
  9.3000000e+02 
  2.0200000e+03 
  3.7200000e+02 
  9.3000000e+02 
  2.0000000e+03 
  3.7200000e+02 
  9.3000000e+02 
  2.0200000e+03 
  5.5800000e+02 
  9.3000000e+02 
  2.0000000e+03 
  5.5800000e+02 
  9.3000000e+02 
  2.0200000e+03 
  7.4400000e+02 
  9.3000000e+02 
  2.0000000e+03 
  7.4400000e+02 
  9.3000000e+02 
  2.0200000e+03 
  9.3000000e+02 
  9.3000000e+02 
  2.0000000e+03 
  9.3000000e+02 
  9.3000000e+02 
  2.0200000e+03 
/

