COORD
  0.0000000e+00 
  0.0000000e+00 
  2.0000000e+03 
  0.0000000e+00 
  0.0000000e+00 
  2.0200000e+03 
  3.1000000e+02 
  0.0000000e+00 
  2.0000000e+03 
  3.1000000e+02 
  0.0000000e+00 
  2.0200000e+03 
  6.2000000e+02 
  0.0000000e+00 
  2.0000000e+03 
  6.2000000e+02 
  0.0000000e+00 
  2.0200000e+03 
  9.3000000e+02 
  0.0000000e+00 
  2.0000000e+03 
  9.3000000e+02 
  0.0000000e+00 
  2.0200000e+03 
  0.0000000e+00 
  3.1000000e+02 
  2.0000000e+03 
  0.0000000e+00 
  3.1000000e+02 
  2.0200000e+03 
  3.1000000e+02 
  3.1000000e+02 
  2.0000000e+03 
  3.1000000e+02 
  3.1000000e+02 
  2.0200000e+03 
  6.2000000e+02 
  3.1000000e+02 
  2.0000000e+03 
  6.2000000e+02 
  3.1000000e+02 
  2.0200000e+03 
  9.3000000e+02 
  3.1000000e+02 
  2.0000000e+03 
  9.3000000e+02 
  3.1000000e+02 
  2.0200000e+03 
  0.0000000e+00 
  6.2000000e+02 
  2.0000000e+03 
  0.0000000e+00 
  6.2000000e+02 
  2.0200000e+03 
  3.1000000e+02 
  6.2000000e+02 
  2.0000000e+03 
  3.1000000e+02 
  6.2000000e+02 
  2.0200000e+03 
  6.2000000e+02 
  6.2000000e+02 
  2.0000000e+03 
  6.2000000e+02 
  6.2000000e+02 
  2.0200000e+03 
  9.3000000e+02 
  6.2000000e+02 
  2.0000000e+03 
  9.3000000e+02 
  6.2000000e+02 
  2.0200000e+03 
  0.0000000e+00 
  9.3000000e+02 
  2.0000000e+03 
  0.0000000e+00 
  9.3000000e+02 
  2.0200000e+03 
  3.1000000e+02 
  9.3000000e+02 
  2.0000000e+03 
  3.1000000e+02 
  9.3000000e+02 
  2.0200000e+03 
  6.2000000e+02 
  9.3000000e+02 
  2.0000000e+03 
  6.2000000e+02 
  9.3000000e+02 
  2.0200000e+03 
  9.3000000e+02 
  9.3000000e+02 
  2.0000000e+03 
  9.3000000e+02 
  9.3000000e+02 
  2.0200000e+03 
/

